\begin{table}[!htb]
\caption{Descriptive Statistics}
\label{Descriptive Statistics}
\begin{threeparttable}
\begin{tabular}{ccccccccc}
% используй {p{3cm}p{7cm}} если нужно переносить с newline 
\toprule
Column&Mean&Sigma&N&Median&Q1&Q3&Shapiro&MedQ1Q3\\
\midrule
Age&41.79&11.30&493&42&33&51&not normal&42 [33; 51]\\
YearsWorking&23.88&14.01&493&23&11&36&not normal&23 [11; 36]\\
\bottomrule
\end{tabular}
\end{threeparttable}
\end{table}
\begin{table}[!htb]
\caption{Descriptive Statistics}
\label{Descriptive Statistics}
\begin{threeparttable}
\begin{tabular}{ccccccccc}
% используй {p{3cm}p{7cm}} если нужно переносить с newline 
\toprule
Column&Mean&Sigma&N&Median&Q1&Q3&Shapiro&MedQ1Q3\\
\midrule
Age&41.79&11.30&493&42&33&51&not normal&42 [33; 51]\\
YearsWorking&23.88&14.01&493&23&11&36&not normal&23 [11; 36]\\
\bottomrule
\end{tabular}
\end{threeparttable}
\end{table}
\clearpage
\begin{table}[!htb]
\caption{Internal consistency}
\label{cronbachs}
\begin{threeparttable}
\begin{tabular}{lcccc}
\toprule
& X & Y & R & p \\
\midrule
 &  & NA &  \\
 &  &  &  \\
\bottomrule
\end{tabular}
\end{threeparttable}
\end{table}RStudioGD 
        2 
RStudioGD 
        2 
\begin{table}[!htb]
\caption{Descriptive Statistics}
\label{Descriptive Statistics}
\begin{threeparttable}
\begin{tabular}{ccccccccc}
% используй {p{3cm}p{7cm}} если нужно переносить с newline 
\toprule
Column&Mean&Sigma&N&Median&Q1&Q3&Shapiro&MedQ1Q3\\
\midrule
Age&41.79&11.30&493&42&33&51&not normal&42 [33; 51]\\
YearsWorking&23.88&14.01&493&23&11&36&not normal&23 [11; 36]\\
startedCareer&17.90&18.34&493&18& 5&31&not normal&18 [5; 31]\\
\bottomrule
\end{tabular}
\end{threeparttable}
\end{table}
   Min. 1st Qu.  Median    Mean 3rd Qu.    Max. 
  -28.0     5.0    18.0    17.9    31.0    59.0 
RStudioGD 
        2 
RStudioGD 
        2 
RStudioGD 
        2 
RStudioGD 
        2 

Call:
glm(formula = TS_outcome ~ Profession * YearsWorking + Profession + 
    Sex + Age + YearsWorking + DC_outcome, family = binomial(link = "logit"), 
    data = ds)

Deviance Residuals: 
    Min       1Q   Median       3Q      Max  
-1.6729  -1.0628  -0.4807   1.0565   2.1713  

Coefficients:
                              Estimate Std. Error z value Pr(>|z|)   
(Intercept)                  -2.585341   0.867697  -2.980  0.00289 **
ProfessionNurse               1.566172   0.806840   1.941  0.05224 . 
ProfessionPhys                1.902640   0.992261   1.917  0.05518 . 
ProfessionPsych               0.816979   1.009925   0.809  0.41854   
ProfessionSW                 -0.550995   1.196308  -0.461  0.64510   
YearsWorking                  0.035721   0.026571   1.344  0.17884   
SexMale                       0.035985   0.226241   0.159  0.87363   
Age                           0.026512   0.008812   3.009  0.00262 **
DC_outcome1                  -0.568845   0.230320  -2.470  0.01352 * 
ProfessionNurse:YearsWorking -0.025918   0.027906  -0.929  0.35301   
ProfessionPhys:YearsWorking  -0.034506   0.035020  -0.985  0.32447   
ProfessionPsych:YearsWorking -0.070321   0.038618  -1.821  0.06861 . 
ProfessionSW:YearsWorking    -0.011294   0.039333  -0.287  0.77402   
---
Signif. codes:  0 ‘***’ 0.001 ‘**’ 0.01 ‘*’ 0.05 ‘.’ 0.1 ‘ ’ 1

(Dispersion parameter for binomial family taken to be 1)

    Null deviance: 676.84  on 492  degrees of freedom
Residual deviance: 595.68  on 480  degrees of freedom
AIC: 621.68

Number of Fisher Scoring iterations: 4

[1] "(Model 3. TS_outcome ~ Personal + DC_outcome)"
[1] "AUC: 0.712452043369475"

Call:
glm(formula = TS_outcome ~ Profession * YearsWorking + Profession + 
    Sex + Age + YearsWorking + DC_outcome, family = binomial(link = "logit"), 
    data = ds)

Deviance Residuals: 
    Min       1Q   Median       3Q      Max  
-1.6729  -1.0628  -0.4807   1.0565   2.1713  

Coefficients:
                              Estimate Std. Error z value Pr(>|z|)   
(Intercept)                  -2.585341   0.867697  -2.980  0.00289 **
ProfessionNurse               1.566172   0.806840   1.941  0.05224 . 
ProfessionPhys                1.902640   0.992261   1.917  0.05518 . 
ProfessionPsych               0.816979   1.009925   0.809  0.41854   
ProfessionSW                 -0.550995   1.196308  -0.461  0.64510   
YearsWorking                  0.035721   0.026571   1.344  0.17884   
SexMale                       0.035985   0.226241   0.159  0.87363   
Age                           0.026512   0.008812   3.009  0.00262 **
DC_outcome1                  -0.568845   0.230320  -2.470  0.01352 * 
ProfessionNurse:YearsWorking -0.025918   0.027906  -0.929  0.35301   
ProfessionPhys:YearsWorking  -0.034506   0.035020  -0.985  0.32447   
ProfessionPsych:YearsWorking -0.070321   0.038618  -1.821  0.06861 . 
ProfessionSW:YearsWorking    -0.011294   0.039333  -0.287  0.77402   
---
Signif. codes:  0 ‘***’ 0.001 ‘**’ 0.01 ‘*’ 0.05 ‘.’ 0.1 ‘ ’ 1

(Dispersion parameter for binomial family taken to be 1)

    Null deviance: 676.84  on 492  degrees of freedom
Residual deviance: 595.68  on 480  degrees of freedom
AIC: 621.68

Number of Fisher Scoring iterations: 4

[1] "(Model 3. TS_outcome ~ Personal + DC_outcome)"
[1] "AUC: 0.712452043369475"

	Shapiro-Wilk normality test

data:  ds$modelResiduals
W = 0.92128, p-value = 2.244e-15


Call:
glm(formula = TS_outcome ~ Profession * YearsWorking + Profession + 
    Sex + Age + YearsWorking + DC_outcome, family = binomial(link = "logit"), 
    data = ds)

Deviance Residuals: 
    Min       1Q   Median       3Q      Max  
-1.6729  -1.0628  -0.4807   1.0565   2.1713  

Coefficients:
                              Estimate Std. Error z value Pr(>|z|)   
(Intercept)                  -2.585341   0.867697  -2.980  0.00289 **
ProfessionNurse               1.566172   0.806840   1.941  0.05224 . 
ProfessionPhys                1.902640   0.992261   1.917  0.05518 . 
ProfessionPsych               0.816979   1.009925   0.809  0.41854   
ProfessionSW                 -0.550995   1.196308  -0.461  0.64510   
YearsWorking                  0.035721   0.026571   1.344  0.17884   
SexMale                       0.035985   0.226241   0.159  0.87363   
Age                           0.026512   0.008812   3.009  0.00262 **
DC_outcome1                  -0.568845   0.230320  -2.470  0.01352 * 
ProfessionNurse:YearsWorking -0.025918   0.027906  -0.929  0.35301   
ProfessionPhys:YearsWorking  -0.034506   0.035020  -0.985  0.32447   
ProfessionPsych:YearsWorking -0.070321   0.038618  -1.821  0.06861 . 
ProfessionSW:YearsWorking    -0.011294   0.039333  -0.287  0.77402   
---
Signif. codes:  0 ‘***’ 0.001 ‘**’ 0.01 ‘*’ 0.05 ‘.’ 0.1 ‘ ’ 1

(Dispersion parameter for binomial family taken to be 1)

    Null deviance: 676.84  on 492  degrees of freedom
Residual deviance: 595.68  on 480  degrees of freedom
AIC: 621.68

Number of Fisher Scoring iterations: 4

[1] "Model 3. TS_outcome ~ Personal + DC_outcome.\n"
[1] "AUC: 0.712452043369475"

	Shapiro-Wilk normality test

data:  ds$modelResiduals
W = 0.92128, p-value = 2.244e-15


Call:
glm(formula = TS_outcome ~ Profession * YearsWorking + Profession + 
    Sex + Age + YearsWorking + DC_outcome, family = binomial(link = "logit"), 
    data = ds)

Deviance Residuals: 
    Min       1Q   Median       3Q      Max  
-1.6729  -1.0628  -0.4807   1.0565   2.1713  

Coefficients:
                              Estimate Std. Error z value Pr(>|z|)   
(Intercept)                  -2.585341   0.867697  -2.980  0.00289 **
ProfessionNurse               1.566172   0.806840   1.941  0.05224 . 
ProfessionPhys                1.902640   0.992261   1.917  0.05518 . 
ProfessionPsych               0.816979   1.009925   0.809  0.41854   
ProfessionSW                 -0.550995   1.196308  -0.461  0.64510   
YearsWorking                  0.035721   0.026571   1.344  0.17884   
SexMale                       0.035985   0.226241   0.159  0.87363   
Age                           0.026512   0.008812   3.009  0.00262 **
DC_outcome1                  -0.568845   0.230320  -2.470  0.01352 * 
ProfessionNurse:YearsWorking -0.025918   0.027906  -0.929  0.35301   
ProfessionPhys:YearsWorking  -0.034506   0.035020  -0.985  0.32447   
ProfessionPsych:YearsWorking -0.070321   0.038618  -1.821  0.06861 . 
ProfessionSW:YearsWorking    -0.011294   0.039333  -0.287  0.77402   
---
Signif. codes:  0 ‘***’ 0.001 ‘**’ 0.01 ‘*’ 0.05 ‘.’ 0.1 ‘ ’ 1

(Dispersion parameter for binomial family taken to be 1)

    Null deviance: 676.84  on 492  degrees of freedom
Residual deviance: 595.68  on 480  degrees of freedom
AIC: 621.68

Number of Fisher Scoring iterations: 4

[1] "Model 3. TS_outcome <- Personal + DC_outcome."
[1] "AUC: 0.712452043369475"

	Shapiro-Wilk normality test

data:  ds$modelResiduals
W = 0.92128, p-value = 2.244e-15

   
    MTP Nurse Phys Psych  SW
  0  16   219   38    43  25
  1  22    77    5    18  30
   
    MTP Nurse Phys Psych  SW
  0  16   219   38    43  25
  1  22    77    5    18  30
\begin{table}[!htb]
\caption{2x2 Table}
\label{2x2 Table}
\begin{threeparttable}
\begin{tabular}{ccccc}
% используй {p{3cm}p{7cm}} если нужно переносить с newline 
\toprule
MTP&Nurse&Phys&Psych&SW\\
\midrule
16&219&38&43&25\\
22&77&5&18&30\\
\bottomrule
\end{tabular}
\end{threeparttable}
\end{table}

	Pearson's Chi-squared test

data:  tableOutcome
X-squared = 38.262, df = 4, p-value = 9.894e-08

Number of cases in table: 493 
Number of factors: 2 
Test for independence of all factors:
	Chisq = 38.26, df = 4, p-value = 9.894e-08
   
    MTP Nurse Phys Psych  SW
  0  16   219   38    43  25
  1  22    77    5    18  30
   Var1  Var2 Freq Group
1     0   MTP   16     1
2     1   MTP   22     2
3     0 Nurse  219     3
4     1 Nurse   77     4
5     0  Phys   38     5
6     1  Phys    5     6
7     0 Psych   43     7
8     1 Psych   18     8
9     0    SW   25     9
10    1    SW   30    10

Call:
glm(formula = TS_outcome ~ Profession * YearsWorking + Profession + 
    Sex + Age + YearsWorking + Profession * DC_outcome + DC_outcome, 
    family = binomial(link = "logit"), data = ds)

Deviance Residuals: 
    Min       1Q   Median       3Q      Max  
-1.7466  -1.0465  -0.4744   1.0403   2.4268  

Coefficients:
                               Estimate Std. Error z value Pr(>|z|)   
(Intercept)                   -2.820810   0.950308  -2.968  0.00299 **
ProfessionNurse                1.816052   0.895936   2.027  0.04266 * 
ProfessionPhys                 2.011680   1.064054   1.891  0.05868 . 
ProfessionPsych                1.408014   1.141846   1.233  0.21754   
ProfessionSW                  -0.927728   1.328575  -0.698  0.48500   
YearsWorking                   0.035026   0.026316   1.331  0.18320   
SexMale                        0.062002   0.227006   0.273  0.78475   
Age                            0.026821   0.008872   3.023  0.00250 **
DC_outcome1                   -0.135082   0.749661  -0.180  0.85700   
ProfessionNurse:YearsWorking  -0.024576   0.027697  -0.887  0.37491   
ProfessionPhys:YearsWorking   -0.037491   0.034922  -1.074  0.28302   
ProfessionPsych:YearsWorking  -0.074876   0.042051  -1.781  0.07498 . 
ProfessionSW:YearsWorking     -0.013126   0.038415  -0.342  0.73258   
ProfessionNurse:DC_outcome1   -0.623810   0.797532  -0.782  0.43411   
ProfessionPhys:DC_outcome1     1.318470   1.391172   0.948  0.34326   
ProfessionPsych:DC_outcome1  -15.173668 537.434015  -0.028  0.97748   
ProfessionSW:DC_outcome1       0.773386   1.076330   0.719  0.47242   
---
Signif. codes:  0 ‘***’ 0.001 ‘**’ 0.01 ‘*’ 0.05 ‘.’ 0.1 ‘ ’ 1

(Dispersion parameter for binomial family taken to be 1)

    Null deviance: 676.84  on 492  degrees of freedom
Residual deviance: 584.58  on 476  degrees of freedom
AIC: 618.58

Number of Fisher Scoring iterations: 15

[1] "Model 3. TS_outcome = Personal + DC_outcome."
[1] "AUC: 0.724345287739783"

	Shapiro-Wilk normality test

data:  ds$modelResiduals
W = 0.92987, p-value = 1.97e-14


Call:
glm(formula = TS_outcome ~ Profession:YearsWorking + Profession + 
    Sex + Age + YearsWorking + Profession:DC_outcome + DC_outcome, 
    family = binomial(link = "logit"), data = ds)

Deviance Residuals: 
    Min       1Q   Median       3Q      Max  
-1.7466  -1.0465  -0.4744   1.0403   2.4268  

Coefficients:
                               Estimate Std. Error z value Pr(>|z|)   
(Intercept)                   -2.820810   0.950308  -2.968  0.00299 **
ProfessionNurse                1.816052   0.895936   2.027  0.04266 * 
ProfessionPhys                 2.011680   1.064054   1.891  0.05868 . 
ProfessionPsych                1.408014   1.141846   1.233  0.21754   
ProfessionSW                  -0.927728   1.328575  -0.698  0.48500   
SexMale                        0.062002   0.227006   0.273  0.78475   
Age                            0.026821   0.008872   3.023  0.00250 **
YearsWorking                   0.035026   0.026316   1.331  0.18320   
DC_outcome1                   -0.135082   0.749661  -0.180  0.85700   
ProfessionNurse:YearsWorking  -0.024576   0.027697  -0.887  0.37491   
ProfessionPhys:YearsWorking   -0.037491   0.034922  -1.074  0.28302   
ProfessionPsych:YearsWorking  -0.074876   0.042051  -1.781  0.07498 . 
ProfessionSW:YearsWorking     -0.013126   0.038415  -0.342  0.73258   
ProfessionNurse:DC_outcome1   -0.623810   0.797532  -0.782  0.43411   
ProfessionPhys:DC_outcome1     1.318470   1.391172   0.948  0.34326   
ProfessionPsych:DC_outcome1  -15.173668 537.434015  -0.028  0.97748   
ProfessionSW:DC_outcome1       0.773386   1.076330   0.719  0.47242   
---
Signif. codes:  0 ‘***’ 0.001 ‘**’ 0.01 ‘*’ 0.05 ‘.’ 0.1 ‘ ’ 1

(Dispersion parameter for binomial family taken to be 1)

    Null deviance: 676.84  on 492  degrees of freedom
Residual deviance: 584.58  on 476  degrees of freedom
AIC: 618.58

Number of Fisher Scoring iterations: 15

[1] "Model 3. TS_outcome = Personal + DC_outcome."
[1] "AUC: 0.724345287739783"

	Shapiro-Wilk normality test

data:  ds$modelResiduals
W = 0.92987, p-value = 1.97e-14


	Kruskal-Wallis rank sum test

data:  ds$Age and ds$DC_outcome
Kruskal-Wallis chi-squared = 4.8284, df = 1, p-value = 0.02799


Call:
glm(formula = TS_outcome ~ Profession + Sex + Age + YearsWorking + 
    DC_outcome, family = binomial(link = "logit"), data = ds)

Deviance Residuals: 
    Min       1Q   Median       3Q      Max  
-1.6987  -1.0616  -0.5345   1.0577   2.1300  

Coefficients:
                 Estimate Std. Error z value Pr(>|z|)    
(Intercept)     -1.932207   0.572537  -3.375 0.000739 ***
ProfessionNurse  0.935849   0.389335   2.404 0.016230 *  
ProfessionPhys   1.072727   0.492238   2.179 0.029311 *  
ProfessionPsych -0.795152   0.501826  -1.585 0.113076    
ProfessionSW    -0.766391   0.521305  -1.470 0.141524    
SexMale          0.035170   0.224273   0.157 0.875389    
Age              0.026628   0.008770   3.036 0.002396 ** 
YearsWorking     0.008646   0.007068   1.223 0.221250    
DC_outcome1     -0.569395   0.228873  -2.488 0.012853 *  
---
Signif. codes:  0 ‘***’ 0.001 ‘**’ 0.01 ‘*’ 0.05 ‘.’ 0.1 ‘ ’ 1

(Dispersion parameter for binomial family taken to be 1)

    Null deviance: 676.84  on 492  degrees of freedom
Residual deviance: 599.80  on 484  degrees of freedom
AIC: 617.8

Number of Fisher Scoring iterations: 4

[1] "Model 3. TS_outcome = Personal + DC_outcome."
[1] "AUC: 0.711934945788157"

	Shapiro-Wilk normality test

data:  ds$modelResiduals
W = 0.92086, p-value = 2.027e-15


Call:
glm(formula = TS_outcome ~ Profession:YearsWorking + Profession:DC_outcome + 
    Profession + Sex + Age + YearsWorking + DC_outcome, family = binomial(link = "logit"), 
    data = ds)

Deviance Residuals: 
    Min       1Q   Median       3Q      Max  
-1.7466  -1.0465  -0.4744   1.0403   2.4268  

Coefficients:
                               Estimate Std. Error z value Pr(>|z|)   
(Intercept)                   -2.820810   0.950308  -2.968  0.00299 **
ProfessionNurse                1.816052   0.895936   2.027  0.04266 * 
ProfessionPhys                 2.011680   1.064054   1.891  0.05868 . 
ProfessionPsych                1.408014   1.141846   1.233  0.21754   
ProfessionSW                  -0.927728   1.328575  -0.698  0.48500   
SexMale                        0.062002   0.227006   0.273  0.78475   
Age                            0.026821   0.008872   3.023  0.00250 **
YearsWorking                   0.035026   0.026316   1.331  0.18320   
DC_outcome1                   -0.135082   0.749661  -0.180  0.85700   
ProfessionNurse:YearsWorking  -0.024576   0.027697  -0.887  0.37491   
ProfessionPhys:YearsWorking   -0.037491   0.034922  -1.074  0.28302   
ProfessionPsych:YearsWorking  -0.074876   0.042051  -1.781  0.07498 . 
ProfessionSW:YearsWorking     -0.013126   0.038415  -0.342  0.73258   
ProfessionNurse:DC_outcome1   -0.623810   0.797532  -0.782  0.43411   
ProfessionPhys:DC_outcome1     1.318470   1.391172   0.948  0.34326   
ProfessionPsych:DC_outcome1  -15.173668 537.434015  -0.028  0.97748   
ProfessionSW:DC_outcome1       0.773386   1.076330   0.719  0.47242   
---
Signif. codes:  0 ‘***’ 0.001 ‘**’ 0.01 ‘*’ 0.05 ‘.’ 0.1 ‘ ’ 1

(Dispersion parameter for binomial family taken to be 1)

    Null deviance: 676.84  on 492  degrees of freedom
Residual deviance: 584.58  on 476  degrees of freedom
AIC: 618.58

Number of Fisher Scoring iterations: 15

[1] "Model 3. TS_outcome = Personal + DC_outcome."
[1] "AUC: 0.724345287739783"

	Shapiro-Wilk normality test

data:  ds$modelResiduals
W = 0.92987, p-value = 1.97e-14

[1] "Model 3. TS_outcome = Personal + DC_outcome."
[1] "AUC: 0.722894078398666"

	Shapiro-Wilk normality test

data:  ds$modelResiduals
W = 0.93118, p-value = 2.792e-14


Call:
glm(formula = TS_outcome ~ Profession:YearsWorking + Profession:DC_outcome + 
    Profession + Sex + Age + YearsWorking + DC_outcome, family = binomial(link = "logit"), 
    data = ds)

Deviance Residuals: 
    Min       1Q   Median       3Q      Max  
-1.7466  -1.0465  -0.4744   1.0403   2.4268  

Coefficients:
                               Estimate Std. Error z value Pr(>|z|)   
(Intercept)                   -2.820810   0.950308  -2.968  0.00299 **
ProfessionNurse                1.816052   0.895936   2.027  0.04266 * 
ProfessionPhys                 2.011680   1.064054   1.891  0.05868 . 
ProfessionPsych                1.408014   1.141846   1.233  0.21754   
ProfessionSW                  -0.927728   1.328575  -0.698  0.48500   
SexMale                        0.062002   0.227006   0.273  0.78475   
Age                            0.026821   0.008872   3.023  0.00250 **
YearsWorking                   0.035026   0.026316   1.331  0.18320   
DC_outcome1                   -0.135082   0.749661  -0.180  0.85700   
ProfessionNurse:YearsWorking  -0.024576   0.027697  -0.887  0.37491   
ProfessionPhys:YearsWorking   -0.037491   0.034922  -1.074  0.28302   
ProfessionPsych:YearsWorking  -0.074876   0.042051  -1.781  0.07498 . 
ProfessionSW:YearsWorking     -0.013126   0.038415  -0.342  0.73258   
ProfessionNurse:DC_outcome1   -0.623810   0.797532  -0.782  0.43411   
ProfessionPhys:DC_outcome1     1.318470   1.391172   0.948  0.34326   
ProfessionPsych:DC_outcome1  -15.173668 537.434015  -0.028  0.97748   
ProfessionSW:DC_outcome1       0.773386   1.076330   0.719  0.47242   
---
Signif. codes:  0 ‘***’ 0.001 ‘**’ 0.01 ‘*’ 0.05 ‘.’ 0.1 ‘ ’ 1

(Dispersion parameter for binomial family taken to be 1)

    Null deviance: 676.84  on 492  degrees of freedom
Residual deviance: 584.58  on 476  degrees of freedom
AIC: 618.58

Number of Fisher Scoring iterations: 15

[1] "Model 3. TS_outcome = Personal + DC_outcome."
[1] "AUC: 0.724345287739783"

	Shapiro-Wilk normality test

data:  ds$modelResiduals
W = 0.92987, p-value = 1.97e-14


Call:
glm(formula = TS_outcome ~ Profession:YearsWorking + Profession:DC_outcome + 
    Profession + Sex + Age + YearsWorking + DC_outcome, family = binomial, 
    data = ds)

Deviance Residuals: 
    Min       1Q   Median       3Q      Max  
-1.7466  -1.0465  -0.4744   1.0403   2.4268  

Coefficients:
                               Estimate Std. Error z value Pr(>|z|)   
(Intercept)                   -2.820810   0.950308  -2.968  0.00299 **
ProfessionNurse                1.816052   0.895936   2.027  0.04266 * 
ProfessionPhys                 2.011680   1.064054   1.891  0.05868 . 
ProfessionPsych                1.408014   1.141846   1.233  0.21754   
ProfessionSW                  -0.927728   1.328575  -0.698  0.48500   
SexMale                        0.062002   0.227006   0.273  0.78475   
Age                            0.026821   0.008872   3.023  0.00250 **
YearsWorking                   0.035026   0.026316   1.331  0.18320   
DC_outcome1                   -0.135082   0.749661  -0.180  0.85700   
ProfessionNurse:YearsWorking  -0.024576   0.027697  -0.887  0.37491   
ProfessionPhys:YearsWorking   -0.037491   0.034922  -1.074  0.28302   
ProfessionPsych:YearsWorking  -0.074876   0.042051  -1.781  0.07498 . 
ProfessionSW:YearsWorking     -0.013126   0.038415  -0.342  0.73258   
ProfessionNurse:DC_outcome1   -0.623810   0.797532  -0.782  0.43411   
ProfessionPhys:DC_outcome1     1.318470   1.391172   0.948  0.34326   
ProfessionPsych:DC_outcome1  -15.173668 537.434015  -0.028  0.97748   
ProfessionSW:DC_outcome1       0.773386   1.076330   0.719  0.47242   
---
Signif. codes:  0 ‘***’ 0.001 ‘**’ 0.01 ‘*’ 0.05 ‘.’ 0.1 ‘ ’ 1

(Dispersion parameter for binomial family taken to be 1)

    Null deviance: 676.84  on 492  degrees of freedom
Residual deviance: 584.58  on 476  degrees of freedom
AIC: 618.58

Number of Fisher Scoring iterations: 15

[1] "Model 3. TS_outcome = Personal + DC_outcome."
[1] "AUC: 0.724345287739783"

	Shapiro-Wilk normality test

data:  ds$modelResiduals
W = 0.92987, p-value = 1.97e-14


Call:
glm(formula = TS_outcome ~ Profession:YearsWorking + Profession:DC_outcome + 
    Profession + Sex + Age + YearsWorking + DC_outcome, family = binomial, 
    data = ds)

Deviance Residuals: 
    Min       1Q   Median       3Q      Max  
-1.7466  -1.0465  -0.4744   1.0403   2.4268  

Coefficients:
                               Estimate Std. Error z value Pr(>|z|)   
(Intercept)                   -2.820810   0.950308  -2.968  0.00299 **
ProfessionNurse                1.816052   0.895936   2.027  0.04266 * 
ProfessionPhys                 2.011680   1.064054   1.891  0.05868 . 
ProfessionPsych                1.408014   1.141846   1.233  0.21754   
ProfessionSW                  -0.927728   1.328575  -0.698  0.48500   
SexMale                        0.062002   0.227006   0.273  0.78475   
Age                            0.026821   0.008872   3.023  0.00250 **
YearsWorking                   0.035026   0.026316   1.331  0.18320   
DC_outcome1                   -0.135082   0.749661  -0.180  0.85700   
ProfessionNurse:YearsWorking  -0.024576   0.027697  -0.887  0.37491   
ProfessionPhys:YearsWorking   -0.037491   0.034922  -1.074  0.28302   
ProfessionPsych:YearsWorking  -0.074876   0.042051  -1.781  0.07498 . 
ProfessionSW:YearsWorking     -0.013126   0.038415  -0.342  0.73258   
ProfessionNurse:DC_outcome1   -0.623810   0.797532  -0.782  0.43411   
ProfessionPhys:DC_outcome1     1.318470   1.391172   0.948  0.34326   
ProfessionPsych:DC_outcome1  -15.173668 537.434015  -0.028  0.97748   
ProfessionSW:DC_outcome1       0.773386   1.076330   0.719  0.47242   
---
Signif. codes:  0 ‘***’ 0.001 ‘**’ 0.01 ‘*’ 0.05 ‘.’ 0.1 ‘ ’ 1

(Dispersion parameter for binomial family taken to be 1)

    Null deviance: 676.84  on 492  degrees of freedom
Residual deviance: 584.58  on 476  degrees of freedom
AIC: 618.58

Number of Fisher Scoring iterations: 15

[1] "Model 3. TS_outcome = Personal + DC_outcome."
[1] "AUC: 0.724345287739783"

Call:
glm(formula = TS_outcome ~ Profession * YearsWorking + Profession * 
    DC_outcome + Profession * Age + Profession * Sex + Profession + 
    Sex + Sex * Age + Sex * YearsWorking + Sex * DC_outcome + 
    Age + Age * YearsWorking + Age * DC_outcome + YearsWorking + 
    YearsWorking * DC_outcome + DC_outcome, family = binomial, 
    data = ds)

Deviance Residuals: 
     Min        1Q    Median        3Q       Max  
-1.83148  -1.08561  -0.00029   1.02107   1.97146  

Coefficients:
                               Estimate Std. Error z value Pr(>|z|)  
(Intercept)                  -3.286e+00  2.191e+00  -1.500   0.1336  
ProfessionNurse               2.453e+00  2.058e+00   1.192   0.2332  
ProfessionPhys                2.016e+00  2.501e+00   0.806   0.4202  
ProfessionPsych              -2.546e+00  3.195e+00  -0.797   0.4256  
ProfessionSW                  8.573e-01  2.807e+00   0.305   0.7601  
YearsWorking                  2.952e-02  4.219e-02   0.700   0.4841  
DC_outcome1                  -2.120e+00  1.356e+00  -1.564   0.1178  
Age                           5.275e-02  4.349e-02   1.213   0.2252  
SexMale                      -3.590e-01  1.687e+00  -0.213   0.8314  
ProfessionNurse:YearsWorking -2.561e-02  3.001e-02  -0.853   0.3934  
ProfessionPhys:YearsWorking  -3.840e-02  3.811e-02  -1.008   0.3136  
ProfessionPsych:YearsWorking -8.418e-02  4.944e-02  -1.703   0.0886 .
ProfessionSW:YearsWorking     4.746e-04  4.334e-02   0.011   0.9913  
ProfessionNurse:DC_outcome1  -3.872e-01  8.534e-01  -0.454   0.6500  
ProfessionPhys:DC_outcome1    2.088e+00  1.474e+00   1.416   0.1568  
ProfessionPsych:DC_outcome1  -1.560e+01  7.850e+02  -0.020   0.9841  
ProfessionSW:DC_outcome1      4.443e-01  1.196e+00   0.372   0.7103  
ProfessionNurse:Age          -2.370e-02  3.969e-02  -0.597   0.5505  
ProfessionPhys:Age           -1.609e-02  5.083e-02  -0.316   0.7517  
ProfessionPsych:Age           7.029e-02  6.458e-02   1.088   0.2765  
ProfessionSW:Age             -3.808e-02  5.540e-02  -0.687   0.4918  
ProfessionNurse:SexMale       1.783e+00  1.259e+00   1.416   0.1568  
ProfessionPhys:SexMale        2.605e+00  1.443e+00   1.805   0.0711 .
ProfessionPsych:SexMale       2.876e+00  1.508e+00   1.907   0.0565 .
ProfessionSW:SexMale         -1.546e+01  9.182e+02  -0.017   0.9866  
Age:SexMale                  -4.289e-02  2.192e-02  -1.957   0.0504 .
YearsWorking:SexMale          2.345e-02  1.820e-02   1.289   0.1974  
DC_outcome1:SexMale           6.384e-01  7.090e-01   0.900   0.3679  
YearsWorking:Age             -1.076e-04  6.532e-04  -0.165   0.8692  
DC_outcome1:Age               2.593e-02  2.201e-02   1.178   0.2388  
YearsWorking:DC_outcome1      2.154e-02  1.856e-02   1.161   0.2457  
---
Signif. codes:  0 ‘***’ 0.001 ‘**’ 0.01 ‘*’ 0.05 ‘.’ 0.1 ‘ ’ 1

(Dispersion parameter for binomial family taken to be 1)

    Null deviance: 676.84  on 492  degrees of freedom
Residual deviance: 558.12  on 462  degrees of freedom
AIC: 620.12

Number of Fisher Scoring iterations: 16

[1] "Model 3. TS_outcome = Personal + DC_outcome."
[1] "AUC: 0.744111759799833"

Missing value imputation by random forests

Missing value imputation by random forests
 ds.TS_outcome  ds.SexFemale      ds.SexMale          Age          YearsWorking     DC_outcome0    
 0:275         Min.   :0.0000   Min.   :0.0000   Min.   :0.0000   Min.   :0.0000   Min.   :0.0000  
 1:218         1st Qu.:0.0000   1st Qu.:0.0000   1st Qu.:0.3191   1st Qu.:0.2174   1st Qu.:0.0000  
               Median :1.0000   Median :0.0000   Median :0.5106   Median :0.4783   Median :1.0000  
               Mean   :0.7282   Mean   :0.2718   Mean   :0.5061   Mean   :0.4974   Mean   :0.6917  
               3rd Qu.:1.0000   3rd Qu.:1.0000   3rd Qu.:0.7021   3rd Qu.:0.7609   3rd Qu.:1.0000  
               Max.   :1.0000   Max.   :1.0000   Max.   :1.0000   Max.   :1.0000   Max.   :1.0000  
  DC_outcome1     ProfessionMTP     ProfessionNurse  ProfessionPhys    ProfessionPsych   ProfessionSW   
 Min.   :0.0000   Min.   :0.00000   Min.   :0.0000   Min.   :0.00000   Min.   :0.0000   Min.   :0.0000  
 1st Qu.:0.0000   1st Qu.:0.00000   1st Qu.:0.0000   1st Qu.:0.00000   1st Qu.:0.0000   1st Qu.:0.0000  
 Median :0.0000   Median :0.00000   Median :1.0000   Median :0.00000   Median :0.0000   Median :0.0000  
 Mean   :0.3083   Mean   :0.07708   Mean   :0.6004   Mean   :0.08722   Mean   :0.1237   Mean   :0.1116  
 3rd Qu.:1.0000   3rd Qu.:0.00000   3rd Qu.:1.0000   3rd Qu.:0.00000   3rd Qu.:0.0000   3rd Qu.:0.0000  
 Max.   :1.0000   Max.   :1.00000   Max.   :1.0000   Max.   :1.00000   Max.   :1.0000   Max.   :1.0000  
Model: "sequential"
____________________________________________________________________________________________________________
 Layer (type)                                   Output Shape                               Param #          
============================================================================================================
 dense_3 (Dense)                                (None, 64)                                 768              
 re_lu (ReLU)                                   (None, 64)                                 0                
 dense_2 (Dense)                                (None, 128)                                8320             
 dropout (Dropout)                              (None, 128)                                0                
 dense_1 (Dense)                                (None, 64)                                 8256             
 dense (Dense)                                  (None, 1)                                  65               
============================================================================================================
Total params: 17,409
Trainable params: 17,409
Non-trainable params: 0
____________________________________________________________________________________________________________
[1] "Model 3. TS_outcome = Personal + DC_outcome."
[1] "AUC: 0.744111759799833"
[1] "Model 3. TS_outcome = Personal + DC_outcome."
[1] "AUC: 0.744111759799833"

Call:
glm(formula = TS_outcome ~ Profession * YearsWorking + Profession * 
    DC_outcome + Profession * Age + Profession * Sex + Profession + 
    Sex + Sex * Age + Sex * YearsWorking + Sex * DC_outcome + 
    Age + Age * YearsWorking + Age * DC_outcome + YearsWorking + 
    YearsWorking * DC_outcome + DC_outcome, family = binomial, 
    data = ds)

Deviance Residuals: 
     Min        1Q    Median        3Q       Max  
-1.83148  -1.08561  -0.00029   1.02107   1.97146  

Coefficients:
                               Estimate Std. Error z value Pr(>|z|)  
(Intercept)                  -3.286e+00  2.191e+00  -1.500   0.1336  
ProfessionNurse               2.453e+00  2.058e+00   1.192   0.2332  
ProfessionPhys                2.016e+00  2.501e+00   0.806   0.4202  
ProfessionPsych              -2.546e+00  3.195e+00  -0.797   0.4256  
ProfessionSW                  8.573e-01  2.807e+00   0.305   0.7601  
YearsWorking                  2.952e-02  4.219e-02   0.700   0.4841  
DC_outcome1                  -2.120e+00  1.356e+00  -1.564   0.1178  
Age                           5.275e-02  4.349e-02   1.213   0.2252  
SexMale                      -3.590e-01  1.687e+00  -0.213   0.8314  
ProfessionNurse:YearsWorking -2.561e-02  3.001e-02  -0.853   0.3934  
ProfessionPhys:YearsWorking  -3.840e-02  3.811e-02  -1.008   0.3136  
ProfessionPsych:YearsWorking -8.418e-02  4.944e-02  -1.703   0.0886 .
ProfessionSW:YearsWorking     4.746e-04  4.334e-02   0.011   0.9913  
ProfessionNurse:DC_outcome1  -3.872e-01  8.534e-01  -0.454   0.6500  
ProfessionPhys:DC_outcome1    2.088e+00  1.474e+00   1.416   0.1568  
ProfessionPsych:DC_outcome1  -1.560e+01  7.850e+02  -0.020   0.9841  
ProfessionSW:DC_outcome1      4.443e-01  1.196e+00   0.372   0.7103  
ProfessionNurse:Age          -2.370e-02  3.969e-02  -0.597   0.5505  
ProfessionPhys:Age           -1.609e-02  5.083e-02  -0.316   0.7517  
ProfessionPsych:Age           7.029e-02  6.458e-02   1.088   0.2765  
ProfessionSW:Age             -3.808e-02  5.540e-02  -0.687   0.4918  
ProfessionNurse:SexMale       1.783e+00  1.259e+00   1.416   0.1568  
ProfessionPhys:SexMale        2.605e+00  1.443e+00   1.805   0.0711 .
ProfessionPsych:SexMale       2.876e+00  1.508e+00   1.907   0.0565 .
ProfessionSW:SexMale         -1.546e+01  9.182e+02  -0.017   0.9866  
Age:SexMale                  -4.289e-02  2.192e-02  -1.957   0.0504 .
YearsWorking:SexMale          2.345e-02  1.820e-02   1.289   0.1974  
DC_outcome1:SexMale           6.384e-01  7.090e-01   0.900   0.3679  
YearsWorking:Age             -1.076e-04  6.532e-04  -0.165   0.8692  
DC_outcome1:Age               2.593e-02  2.201e-02   1.178   0.2388  
YearsWorking:DC_outcome1      2.154e-02  1.856e-02   1.161   0.2457  
---
Signif. codes:  0 ‘***’ 0.001 ‘**’ 0.01 ‘*’ 0.05 ‘.’ 0.1 ‘ ’ 1

(Dispersion parameter for binomial family taken to be 1)

    Null deviance: 676.84  on 492  degrees of freedom
Residual deviance: 558.12  on 462  degrees of freedom
AIC: 620.12

Number of Fisher Scoring iterations: 16

[1] "Model 3. TS_outcome = Personal + DC_outcome."
[1] "AUC: 0.744111759799833"

	Shapiro-Wilk normality test

data:  ds$residuals
W = 0.9425, p-value = 6.916e-13


Call:
glm(formula = TS_outcome ~ Profession + Sex + Age + YearsWorking + 
    DC_outcome, family = binomial, data = ds)

Deviance Residuals: 
    Min       1Q   Median       3Q      Max  
-1.6987  -1.0616  -0.5345   1.0577   2.1300  

Coefficients:
                 Estimate Std. Error z value Pr(>|z|)    
(Intercept)     -1.932207   0.572537  -3.375 0.000739 ***
ProfessionNurse  0.935849   0.389335   2.404 0.016230 *  
ProfessionPhys   1.072727   0.492238   2.179 0.029311 *  
ProfessionPsych -0.795152   0.501826  -1.585 0.113076    
ProfessionSW    -0.766391   0.521305  -1.470 0.141524    
SexMale          0.035170   0.224273   0.157 0.875389    
Age              0.026628   0.008770   3.036 0.002396 ** 
YearsWorking     0.008646   0.007068   1.223 0.221250    
DC_outcome1     -0.569395   0.228873  -2.488 0.012853 *  
---
Signif. codes:  0 ‘***’ 0.001 ‘**’ 0.01 ‘*’ 0.05 ‘.’ 0.1 ‘ ’ 1

(Dispersion parameter for binomial family taken to be 1)

    Null deviance: 676.84  on 492  degrees of freedom
Residual deviance: 599.80  on 484  degrees of freedom
AIC: 617.8

Number of Fisher Scoring iterations: 4

[1] "Model 3. TS_outcome = Personal + DC_outcome."
[1] "AUC: 0.711934945788157"

	Shapiro-Wilk normality test

data:  ds$residuals
W = 0.92086, p-value = 2.027e-15


Call:
glm(formula = TS_outcome ~ Profession + Sex + Age + YearsWorking + 
    DC_outcome, family = binomial, data = ds)

Deviance Residuals: 
    Min       1Q   Median       3Q      Max  
-1.6987  -1.0616  -0.5345   1.0577   2.1300  

Coefficients:
                 Estimate Std. Error z value Pr(>|z|)    
(Intercept)     -1.932207   0.572537  -3.375 0.000739 ***
ProfessionNurse  0.935849   0.389335   2.404 0.016230 *  
ProfessionPhys   1.072727   0.492238   2.179 0.029311 *  
ProfessionPsych -0.795152   0.501826  -1.585 0.113076    
ProfessionSW    -0.766391   0.521305  -1.470 0.141524    
SexMale          0.035170   0.224273   0.157 0.875389    
Age              0.026628   0.008770   3.036 0.002396 ** 
YearsWorking     0.008646   0.007068   1.223 0.221250    
DC_outcome1     -0.569395   0.228873  -2.488 0.012853 *  
---
Signif. codes:  0 ‘***’ 0.001 ‘**’ 0.01 ‘*’ 0.05 ‘.’ 0.1 ‘ ’ 1

(Dispersion parameter for binomial family taken to be 1)

    Null deviance: 676.84  on 492  degrees of freedom
Residual deviance: 599.80  on 484  degrees of freedom
AIC: 617.8

Number of Fisher Scoring iterations: 4

[1] "Model 3. TS_outcome = Personal + DC_outcome."
[1] "AUC: 0.711934945788157"

	Shapiro-Wilk normality test

data:  ds$residuals
W = 0.92086, p-value = 2.027e-15

RStudioGD 
        2 

Call:
glm(formula = TS_outcome ~ Profession + Sex + Age + YearsWorking + 
    DC_outcome, family = binomial, data = ds)

Deviance Residuals: 
    Min       1Q   Median       3Q      Max  
-1.6987  -1.0616  -0.5345   1.0577   2.1300  

Coefficients:
                 Estimate Std. Error z value Pr(>|z|)    
(Intercept)     -1.932207   0.572537  -3.375 0.000739 ***
ProfessionNurse  0.935849   0.389335   2.404 0.016230 *  
ProfessionPhys   1.072727   0.492238   2.179 0.029311 *  
ProfessionPsych -0.795152   0.501826  -1.585 0.113076    
ProfessionSW    -0.766391   0.521305  -1.470 0.141524    
SexMale          0.035170   0.224273   0.157 0.875389    
Age              0.026628   0.008770   3.036 0.002396 ** 
YearsWorking     0.008646   0.007068   1.223 0.221250    
DC_outcome1     -0.569395   0.228873  -2.488 0.012853 *  
---
Signif. codes:  0 ‘***’ 0.001 ‘**’ 0.01 ‘*’ 0.05 ‘.’ 0.1 ‘ ’ 1

(Dispersion parameter for binomial family taken to be 1)

    Null deviance: 676.84  on 492  degrees of freedom
Residual deviance: 599.80  on 484  degrees of freedom
AIC: 617.8

Number of Fisher Scoring iterations: 4

[1] "Model 3. TS_outcome = Personal + DC_outcome."
[1] "AUC: 0.711934945788157"

	Shapiro-Wilk normality test

data:  ds$residuals
W = 0.92086, p-value = 2.027e-15

RStudioGD 
        2 
 num [1:394, 1:11] 1 1 1 1 1 1 1 1 0 1 ...
 - attr(*, "dimnames")=List of 2
  ..$ : chr [1:394] "301" "144" "33" "38" ...
  ..$ : chr [1:11] "ds.SexFemale" "ds.SexMale" "Age" "YearsWorking" ...

Call:
glm(formula = TS_outcome ~ Profession + Sex + Age + YearsWorking + 
    DC_outcome, family = binomial, data = ds)

Deviance Residuals: 
    Min       1Q   Median       3Q      Max  
-1.6987  -1.0616  -0.5345   1.0577   2.1300  

Coefficients:
                 Estimate Std. Error z value Pr(>|z|)    
(Intercept)     -1.932207   0.572537  -3.375 0.000739 ***
ProfessionNurse  0.935849   0.389335   2.404 0.016230 *  
ProfessionPhys   1.072727   0.492238   2.179 0.029311 *  
ProfessionPsych -0.795152   0.501826  -1.585 0.113076    
ProfessionSW    -0.766391   0.521305  -1.470 0.141524    
SexMale          0.035170   0.224273   0.157 0.875389    
Age              0.026628   0.008770   3.036 0.002396 ** 
YearsWorking     0.008646   0.007068   1.223 0.221250    
DC_outcome1     -0.569395   0.228873  -2.488 0.012853 *  
---
Signif. codes:  0 ‘***’ 0.001 ‘**’ 0.01 ‘*’ 0.05 ‘.’ 0.1 ‘ ’ 1

(Dispersion parameter for binomial family taken to be 1)

    Null deviance: 676.84  on 492  degrees of freedom
Residual deviance: 599.80  on 484  degrees of freedom
AIC: 617.8

Number of Fisher Scoring iterations: 4

[1] "Model 3. TS_outcome = Personal + DC_outcome."
[1] "AUC: 0.711934945788157"

	Shapiro-Wilk normality test

data:  ds$residuals
W = 0.92086, p-value = 2.027e-15

RStudioGD 
        2 

Call:
glm(formula = TS_outcome ~ Profession + Sex + Age + YearsWorking + 
    DC_outcome, family = binomial, data = ds)

Deviance Residuals: 
    Min       1Q   Median       3Q      Max  
-1.6987  -1.0616  -0.5345   1.0577   2.1300  

Coefficients:
                 Estimate Std. Error z value Pr(>|z|)    
(Intercept)     -1.932207   0.572537  -3.375 0.000739 ***
ProfessionNurse  0.935849   0.389335   2.404 0.016230 *  
ProfessionPhys   1.072727   0.492238   2.179 0.029311 *  
ProfessionPsych -0.795152   0.501826  -1.585 0.113076    
ProfessionSW    -0.766391   0.521305  -1.470 0.141524    
SexMale          0.035170   0.224273   0.157 0.875389    
Age              0.026628   0.008770   3.036 0.002396 ** 
YearsWorking     0.008646   0.007068   1.223 0.221250    
DC_outcome1     -0.569395   0.228873  -2.488 0.012853 *  
---
Signif. codes:  0 ‘***’ 0.001 ‘**’ 0.01 ‘*’ 0.05 ‘.’ 0.1 ‘ ’ 1

(Dispersion parameter for binomial family taken to be 1)

    Null deviance: 676.84  on 492  degrees of freedom
Residual deviance: 599.80  on 484  degrees of freedom
AIC: 617.8

Number of Fisher Scoring iterations: 4

[1] "Model 3. TS_outcome = Personal + DC_outcome."
[1] "AUC: 0.711934945788157"

	Shapiro-Wilk normality test

data:  ds$residuals
W = 0.92086, p-value = 2.027e-15

RStudioGD 
        2 

Call:
glm(formula = TS_outcome ~ Profession + Sex + Age + YearsWorking + 
    DC_outcome + Age * DC_outcome, family = binomial, data = ds)

Deviance Residuals: 
    Min       1Q   Median       3Q      Max  
-1.6252  -1.0666  -0.5288   1.0370   2.2339  

Coefficients:
                 Estimate Std. Error z value Pr(>|z|)   
(Intercept)     -1.636098   0.617267  -2.651  0.00804 **
